 Al2O3 Density=3.97
 Wavelength (nm), Delta, Beta
  16.  0.0350184515  0.0457334407
  16.0102139  0.0350242071  0.0457587503
  16.0204353  0.0350299552  0.0457841791
  16.0306625  0.0350356437  0.0458096936
  16.0408955  0.0350413024  0.0458353087
  16.051136  0.0350468941  0.0458610021
  16.0613823  0.0350524597  0.0458868109
  16.0716362  0.0350579619  0.0459126867
  16.0818958  0.0350634456  0.0459386855
  16.0921631  0.0350688882  0.0459647886
  16.1024361  0.0350742601  0.0459909588
  16.1127148  0.0350796171  0.0460172482
  16.1230011  0.0350848995  0.0460436121
  16.1332951  0.0350901745  0.0460700952
  16.1435928  0.0350953937  0.0460966751
  16.1539001  0.0351005495  0.0461233333
  16.1642113  0.0350985602  0.0461500958
  16.1745319  0.0350898616  0.0461769514
  16.1848564  0.0350811109  0.0462039113
  16.1951885  0.0350722894  0.0462309755
  16.2055283  0.0350633562  0.0462581292
  16.2158737  0.035054367  0.0462853834
  16.2262249  0.0350453034  0.0463127345
  16.2365837  0.0350361206  0.0463401675
  16.2469482  0.035026893  0.0463677272
  16.2573204  0.0350175947  0.0463953838
  16.2677002  0.0350081734  0.0464231148
  16.2780838  0.0349987  0.0464509539
  16.2884769  0.0349891111  0.0464788824
  16.2988739  0.0349794738  0.046506919
  16.3092804  0.0349697769  0.0465350747
  16.3196907  0.0349599421  0.0465632938
  16.3301086  0.0349500589  0.0465916246
  16.3405342  0.0349401124  0.0466200784
  16.3509655  0.0349300243  0.0466485918
  16.3614044  0.0349199027  0.0466772281
  16.3718491  0.0349096991  0.0467059761
  16.3823013  0.0348993726  0.0467347875
  16.3927593  0.0348890051  0.046763733
  16.403223  0.0348785035  0.0467927456
  16.4136963  0.0348679647  0.0468218848
  16.4241734  0.0348445587  0.0468511172
  16.4346581  0.0347998664  0.0468804501
  16.4451504  0.0347549357  0.0469098724
  16.4556484  0.0347098969  0.0469394065
  16.4661541  0.0346646234  0.0469690263
  16.4766655  0.0346192382  0.0469987653
  16.4871845  0.0345736891  0.0470286123
  16.4977093  0.0345278941  0.0470585264
  16.5082417  0.0344819985  0.0470885709
  16.5187798  0.0344358534  0.0471186899
  16.5293255  0.0343896076  0.0471489429
  16.5398769  0.0343431868  0.0471792892
  16.550436  0.0342965201  0.0472097136
  16.5610027  0.0342497565  0.0472402684
  16.5715752  0.034202747  0.0472709052
  16.5821533  0.0341556147  0.0473016426
  16.5927391  0.0341083184  0.0473325029
  16.6033325  0.0340607762  0.0473634526
  16.6139317  0.0340131223  0.0473945104
  16.6245365  0.0339652896  0.0474256687
  16.6351509  0.0339172147  0.0474569127
  16.6457691  0.0338690318  0.0474882834
  16.6563969  0.0338206664  0.0475197621
  16.6670303  0.0337720551  0.0475513116
  16.6776695  0.0337233357  0.0475829951
  16.6883163  0.0336394832  0.0476147756
  16.6989708  0.0334400982  0.0476466417
  16.709631  0.0332403332  0.0476786382
  16.7202969  0.033039812  0.0477107093
  16.7309723  0.032838922  0.0477429144
  16.7416534  0.0326374546  0.0477752201
  16.7523403  0.0324352384  0.0478076153
  16.7630348  0.032232631  0.0478401184
  16.773735  0.0320294611  0.0478727371
  16.7844448  0.0318255387  0.0479054525
  16.7951584  0.031621214  0.0479382686
  16.8058815  0.0314161442  0.047971189
  16.8166103  0.031210674  0.0480042249
  16.8273449  0.0310046282  0.0480373651
  16.8380871  0.0307978224  0.0480705909
  16.8488369  0.0305906255  0.0481039397
  16.8595924  0.0303828493  0.0481374115
  16.8703556  0.0301743038  0.048170954
  16.8811264  0.0299653616  0.0482046269
  16.8919029  0.0297556557  0.0482383892
  16.9026852  0.0295455419  0.0482722633
  16.9134769  0.0293348487  0.0483062603
  16.9242744  0.0291233845  0.0483403318
  16.9350777  0.0289115179  0.0483745337
  16.9458885  0.0286990609  0.0484088436
  16.956707  0.0284107905  0.0484432392
  16.9675312  0.0273863357  0.048477754
  16.978363  0.0263592228  0.0485123694
  16.9892025  0.0253286511  0.0485470779
  17.0000477  0.0242961999  0.0485819131
  17.0109005  0.0232610609  0.0486168526
  17.0217609  0.0222224519  0.0486518964
  17.0326271  0.0213593431  0.0471290685
  17.0435009  0.0214590654  0.0398312025
  17.0543804  0.0215589479  0.0357010439
  17.0652676  0.0216590557  0.0333712213
  17.0761623  0.0217594337  0.0320661888
  17.0870628  0.0224945303  0.0319694579
  17.097971  0.023347754  0.032022547
  17.1088867  0.0242037382  0.0320757329
  17.1198082  0.0250612553  0.0321290046
  17.1307373  0.0259215403  0.0321823806
  17.141674  0.026783362  0.0322358385
  17.1526165  0.0276473407  0.0322893858
  17.1635666  0.0285141133  0.0323430449
  17.1745243  0.0293824244  0.0323967859
  17.1854877  0.0302529056  0.0324506164
  17.1964588  0.0311261881  0.0325045548
  17.2074375  0.0320010334  0.0325585715
  17.2184219  0.0328780524  0.0326126888
  17.229414  0.0337578952  0.0326669142
  17.2404137  0.0340632908  0.0327212252
  17.2514191  0.0343396477  0.0327756256
  17.2624321  0.034616489  0.0328301191
  17.2734528  0.0348939784  0.0328847095
  17.2844791  0.0351722948  0.0329394042
  17.2955132  0.0354510918  0.0329941846
  17.3065548  0.0357307196  0.0330490693
  17.3176041  0.0360108279  0.0331040472
  17.3286591  0.0362915955  0.0331591144
  17.3397217  0.0365731902  0.0332142897
  17.35079  0.0368552655  0.0332695469
  17.3618679  0.037138015  0.0333249085
  17.3729515  0.037421599  0.0333803743
  17.3840408  0.0377056599  0.0334359258
  17.3951397  0.0379905775  0.0334915891
  17.4062443  0.0382759795  0.0335473381
  17.4173565  0.0385620445  0.0336031765
  17.4284744  0.0388487726  0.0336591117
  17.4396019  0.0391363613  0.0337151736
  17.4507351  0.0394244418  0.03377131
  17.461874  0.0397133566  0.033827547
  17.4730225  0.0400027819  0.0338838883
  17.4841766  0.040293064  0.0339403301
  17.4953384  0.0405838266  0.0339968614
  17.5065079  0.0408752821  0.0340535007
  17.517683  0.0410747454  0.034110304
  17.5288658  0.0412527919  0.0341672227
  17.5400562  0.0414312296  0.0342242345
  17.5512543  0.0416101515  0.0342813656
  17.562458  0.0417893603  0.0343385749
  17.5736694  0.041968964  0.0343958922
  17.5848885  0.0421490632  0.034453325
  17.5961151  0.0423294455  0.034510836
  17.6073475  0.0425102264  0.0345684625
  17.6185875  0.0426914878  0.0346261822
  17.6298351  0.0428730585  0.0346840099
  17.6410904  0.0430551134  0.0347419381
  17.6523514  0.0432374589  0.0347999558
  17.6636219  0.0434202142  0.0348580889
  17.6748981  0.0436034575  0.0349163227
  17.6861801  0.0437869988  0.0349746495
  17.6974716  0.0439709499  0.0350330882
  17.7087688  0.0441553779  0.0350916274
  17.7200737  0.0443401113  0.035150256
  17.7313862  0.0445252471  0.0352089964
  17.7427063  0.0447108969  0.035267856
  17.7540321  0.0448968336  0.0353267975
  17.7653675  0.0450832732  0.035385862
  17.7767086  0.045270022  0.0354450122
  17.7880554  0.0454571545  0.0355042592
  17.7994118  0.0456166454  0.0355638824
  17.8107758  0.0457625128  0.0356237367
  17.8221455  0.045908656  0.0356836729
  17.8335228  0.0460551828  0.0357437506
  17.8449078  0.0462019295  0.0358039141
  17.8562984  0.0463489704  0.0358641706
  17.8676987  0.0464963987  0.0359245613
  17.8791046  0.0466440432  0.035985034
  17.8905182  0.0467920639  0.036045637
  17.9019394  0.046940323  0.0361063257
  17.9133682  0.0470888838  0.0361671299
  17.9248047  0.0472378097  0.0362280495
  17.9362469  0.0473869629  0.0362890549
  17.9476967  0.0475364253  0.0363501795
  17.9591541  0.0476862714  0.0364114232
  17.9706192  0.0478363484  0.0364727564
  17.9820919  0.0479868017  0.03653422
  17.9935722  0.0481374934  0.0365957767
  18.0050583  0.0482884832  0.036657434
  18.016552  0.0484398492  0.0367192179
  18.0280533  0.0485914648  0.0367810987
  18.0395622  0.0487433858  0.0368430875
  18.0510788  0.0488956757  0.0369051918
  18.062603  0.0490482189  0.0369674079
  18.0741329  0.0492011309  0.0370297395
  18.0856724  0.0493419245  0.037092153
  18.0972176  0.0494719595  0.0371546596
  18.1087704  0.0496022925  0.0372172892
  18.1203308  0.0497328267  0.0372800194
  18.1318989  0.0498636179  0.0373428613
  18.1434746  0.0499947071  0.0374058187
  18.155056  0.0501260012  0.0374688804
  18.166647  0.0502576008  0.0375320651
  18.1782436  0.0503893979  0.0375953503
  18.1898479  0.050521452  0.0376587398
  18.2014618  0.0506538153  0.0377222598
  18.2130814  0.0507863946  0.0377858877
  18.2247066  0.050919205  0.0378496125
  18.2363415  0.0510523319  0.0379134715
  18.2479839  0.0511856861  0.037977431
  18.2596321  0.0513192676  0.0380414948
  18.2712898  0.0514531657  0.0381056927
  18.2829533  0.0515872799  0.0381699875
  18.2946262  0.051721707  0.0382344127
  18.3063049  0.051856339  0.0382989384
  18.3179913  0.0519912168  0.0383635685
  18.3296852  0.0521264188  0.0384283327
  18.3413868  0.0522618219  0.0384931974
  18.353096  0.0523974895  0.0385581776
  18.3648109  0.0525334738  0.0386232808
  18.3765354  0.0526638106  0.0386884063
  18.3882675  0.0527851172  0.0387535207
  18.4000053  0.052906584  0.0388187245
  18.4117527  0.0530283041  0.0388840623
  18.4235058  0.0531502217  0.0389495008
  18.4352665  0.0532724299  0.0390150733
  18.4470367  0.0533948094  0.0390807502
  18.4588127  0.0535174459  0.0391465537
  18.4705963  0.0536402836  0.0392124653
  18.4823875  0.0537633449  0.0392784923
  18.4941864  0.0538866594  0.0393446386
  18.5059929  0.0540101752  0.039410904
  18.517807  0.0541339591  0.0394772924
  18.5296288  0.0542579293  0.0395437889
  18.5414581  0.0543821268  0.0396104008
  18.5532951  0.0545065999  0.0396771505
  18.5651379  0.0546312369  0.039743986
  18.5769901  0.0547561236  0.0398109555
  18.58885  0.0548812971  0.0398780666
  18.6007175  0.0550066344  0.0399452671
  18.6125908  0.0551322438  0.0400126018
  18.6244736  0.0552580506  0.040080037
  18.6363621  0.0553840771  0.0401475951
  18.6482601  0.0555103943  0.0402152985
  18.6601658  0.0556369014  0.0402831063
  18.6720772  0.0557609759  0.0403510258
  18.6839981  0.0558771119  0.0404190831
  18.6959248  0.0559934042  0.0404872373
  18.7078609  0.0561099201  0.0405555218
  18.7198029  0.056226667  0.040623948
  18.7317543  0.0563436002  0.0406924784
  18.7437115  0.0564607531  0.0407611318
  18.7556782  0.056578096  0.0408299081
  18.7676506  0.0566956289  0.0408987887
  18.7796326  0.0568134263  0.0409678258
  18.7916203  0.0569313765  0.0410369523
  18.8036175  0.0570495538  0.0411062129
  18.8156204  0.0571679585  0.0411756001
  18.8276329  0.0572865568  0.0412451103
  18.8396511  0.0574053451  0.041314736
  18.8516788  0.057524398  0.0413845032
  18.8637142  0.0576436184  0.041454386
  18.8757553  0.0577630661  0.0415243842
  18.8878059  0.0578827113  0.0415945053
  18.8998642  0.0580025613  0.0416647457
  18.9119282  0.0581226461  0.0417351238
  18.9240017  0.0582429357  0.041805625
  18.9360828  0.0583634637  0.0418762602
  18.9481716  0.0584841631  0.0419470072
  18.960268  0.0586050749  0.0420178771
  18.9723721  0.0587253682  0.0420888849
  18.9844837  0.0588382259  0.0421599969
  18.996603  0.0589512996  0.0422312543
  19.0087299  0.0590645708  0.0423026271
  19.0208645  0.0591780171  0.0423741303
  19.0330086  0.0592917055  0.0424457826
  19.0451584  0.0594055317  0.0425175317
  19.0573158  0.0595195554  0.0425894037
  19.0694828  0.0596338175  0.0426614322
  19.0816555  0.0597482249  0.0427335538
  19.0938377  0.0598628446  0.0428058244
  19.1060276  0.0599776842  0.0428782292
  19.1182232  0.0600926764  0.0429507419
  19.1304283  0.060207881  0.0430233888
  19.1426411  0.0603233166  0.0430961885
  19.1548615  0.0604389086  0.0431690924
  19.1670895  0.0605546869  0.0432421155
  19.179327  0.0606707148  0.0433152951
  19.1915703  0.0607869066  0.0433886014
  19.2038212  0.0609033182  0.0434620306
  19.2160816  0.0610198975  0.043535579
  19.2283478  0.0611366704  0.0436092578
  19.2406235  0.0612536781  0.0436830893
  19.2529068  0.0613708496  0.0437570252
  19.2651978  0.0614882708  0.0438311249
  19.2774963  0.0616058335  0.0439053252
  19.2898026  0.0617180131  0.0439798199
  19.3021164  0.0618301928  0.044054471
  19.3144398  0.0619425364  0.044129245
  19.3267689  0.0620550476  0.0442041345
  19.3391075  0.0621677898  0.0442791805
  19.3514538  0.0622806847  0.0443543456
  19.3638077  0.0623937659  0.0444296524
  19.3761692  0.0625070632  0.0445050858
  19.3885384  0.0626205131  0.0445806459
  19.4009151  0.0627341643  0.0446563438
  19.4133015  0.0628480166  0.0447321832
  19.4256935  0.0629620329  0.0448081456
  19.4380951  0.0630762652  0.044884257
  19.4505043  0.0631906688  0.0449604914
  19.4629211  0.0633052588  0.0450368561
  19.4753456  0.0634200647  0.0451133735
  19.4877777  0.0635350272  0.0451900065
  19.5002193  0.0636501908  0.0452667773
  19.5126686  0.0637655705  0.0453437082
  19.5251255  0.0638811067  0.045420751
  19.53759  0.0639968663  0.0454979464
  19.5500622  0.064112775  0.0455752537
  19.562542  0.0642288849  0.0456526987
  19.5750313  0.0643452331  0.0457303114
  19.5875282  0.064461723  0.0458080322
  19.6000309  0.064573288  0.0458875597
  19.612545  0.064683944  0.0459676012
  19.6250648  0.0647947416  0.0460477695
  19.6375923  0.0649057254  0.0461280718
  19.6501293  0.0650169104  0.0462085381
  19.662674  0.0651282519  0.0462891199
  19.6752262  0.0652397871  0.0463698655
  19.6877861  0.0653514937  0.0464507453
  19.7003555  0.0654633716  0.0465317592
  19.7129307  0.0655754358  0.0466129184
  19.7255154  0.0656876639  0.0466942191
  19.7381077  0.0658000857  0.0467756502
  19.7507095  0.0659127086  0.0468572639
  19.7633171  0.0660254732  0.0469389781
  19.7759342  0.0661384463  0.0470208637
  19.788559  0.0662515908  0.047102876
  19.8011913  0.0663648993  0.0471850187
  19.8138332  0.0664784238  0.0472673438
  19.8264809  0.0665920973  0.0473497808
  19.839138  0.066705972  0.0474323668
  19.8518028  0.0668200329  0.0475151166
  19.8644772  0.0669342652  0.0475979969
  19.8771572  0.0670486689  0.0476810075
  19.8898468  0.0671632811  0.047764197
  19.902544  0.0672780573  0.0478475094
  19.9152508  0.0673886463  0.0479309857
  19.9279633  0.0674972981  0.0480145887
  19.9406853  0.0676061288  0.0480983481
  19.9534149  0.0677151307  0.0481822602
  19.9661541  0.0678243041  0.0482663177
  19.978899  0.0679336116  0.0483504981
  19.9916534  0.0680431277  0.048434861
  20.0044155  0.0681528077  0.0485193618
  20.0171871  0.0682626739  0.0486040227
  20.0299664  0.0683726817  0.0486888103
  20.0427532  0.0684828535  0.0487737432
  20.0555477  0.068593204  0.0488588363
  20.0683517  0.0687037408  0.0489440747
  20.0811615  0.0688144043  0.0490294546
  20.0939827  0.0689252913  0.0491150096
  20.1068096  0.0690363199  0.0492006876
  20.1196461  0.0691475123  0.049286522
  20.1324902  0.0692589134  0.0493725166
  20.1453419  0.0693704486  0.0494586453
  20.1582031  0.0694821775  0.0495449491
  20.171072  0.0695940629  0.0496313833
  20.1839485  0.0697061196  0.0497179665
  20.1968327  0.0698183626  0.049804721
  20.2097263  0.069930777  0.0498916134
  20.2226276  0.0700433478  0.0499786511
  20.2355385  0.0701534972  0.0500658564
  20.248457  0.0702615604  0.050153207
  20.2613831  0.0703697875  0.0502407067
  20.2743168  0.0704781488  0.0503283441
  20.2872601  0.0705867112  0.0504161566
  20.300211  0.0706954226  0.0505041182
  20.3131714  0.0708042905  0.050592225
  20.3261375  0.0709133148  0.0506804846
  20.3391151  0.0710225329  0.0507689193
  20.3520985  0.0711318776  0.0508574843
  20.3650913  0.071241416  0.0509462319
  20.3780918  0.071351096  0.0510351025
  20.3911018  0.0714609548  0.0511241518
  20.4041176  0.0715709403  0.0512133315
  20.4171448  0.0716811419  0.051302705
  20.4301777  0.0717914775  0.0513922013
  20.4432201  0.071901992  0.0514818765
  20.4562721  0.0720126852  0.0515717082
  20.4693298  0.0721235052  0.0516616777
  20.4823971  0.0722345188  0.0517518222
  20.4954739  0.0723457038  0.0518421233
  20.5085583  0.0724570453  0.0519325882
  20.5216503  0.0725685358  0.0520231873
  20.53475  0.0726802051  0.0521139503
  20.5478592  0.0727920532  0.0522048958
  20.5609779  0.0729023963  0.0522960722
  20.5741024  0.0730103776  0.0523875356
  20.5872383  0.0731185526  0.0524791926
  20.6003799  0.0732268393  0.0525709763
  20.6135311  0.0733353198  0.0526629426
  20.6266899  0.0734439194  0.0527550429
  20.6398582  0.0735527053  0.0528473221
  20.6530342  0.0736616403  0.0529397763
  20.6662197  0.0737707466  0.0530323759
  20.6794128  0.0738799945  0.0531251356
  20.6926136  0.0739894062  0.0532180667
  20.7058239  0.0740989745  0.0533111542
  20.7190418  0.0742086992  0.0534043983
  20.7322693  0.0743185952  0.0534978248
  20.7455044  0.0744286403  0.0535914041
  20.7587471  0.0745388642  0.0536851659
  20.7719994  0.0746492147  0.0537790544
  20.7852612  0.074759759  0.0538731329
  20.7985287  0.0748704374  0.053967379
  20.8118076  0.0749813095  0.0540617891
  20.8250923  0.0750922933  0.0541563332
  20.8383865  0.0752034783  0.0542510822
  20.8516903  0.0753148124  0.0543459766
  20.8650017  0.0754262954  0.0544410422
  20.8783226  0.0755379722  0.0545362867
  20.8916512  0.0756486952  0.0546318367
  20.9049873  0.075756371  0.0547280088
  20.9183331  0.0758641884  0.0548243336
  20.9316864  0.0759721547  0.0549208261
  20.9450493  0.0760802999  0.0550175123
  20.9584198  0.0761885568  0.0551143326
  20.9717999  0.0762969777  0.0552113354
  20.9851875  0.0764055699  0.055308532
  20.9985847  0.0765143111  0.0554058813
  21.0119896  0.076623179  0.0555033945
  21.025404  0.0767322406  0.0556011051
  21.038826  0.0768414214  0.0556989647
  21.0522575  0.0769507885  0.0557970181
  21.0656967  0.0770602822  0.0558952205
  21.0791454  0.0771699324  0.055993598
  21.0926018  0.077279754  0.0560921729
  21.1060658  0.0773897022  0.0561908893
  21.1195412  0.0774998367  0.0562898181
  21.1330223  0.0776101053  0.0563888848
  21.146513  0.0777205378  0.0564881265
  21.1600132  0.0778311267  0.0565875694
  21.173521  0.0779418647  0.0566871651
  21.1870384  0.0780527592  0.0567869395
  21.2005634  0.078163825  0.0568869077
  21.214098  0.0782750323  0.0569870323
  21.2276421  0.0783859044  0.0570873283
  21.2411919  0.0784931108  0.0571878105
  21.2547531  0.0786004737  0.0572884716
  21.268322  0.0787079781  0.0573893115
  21.2818985  0.0788156167  0.0574903078
  21.2954845  0.0789234117  0.0575914867
  21.3090801  0.0790313706  0.0576928742
  21.3226833  0.0791394413  0.0577943958
  21.3362961  0.0792476907  0.0578961186
  21.3499165  0.0793560743  0.0579980314
  21.3635464  0.0794646069  0.0581001043
  21.3771839  0.0795732886  0.0582023486
  21.390831  0.0796821192  0.058304809
  21.4044857  0.0797910839  0.0584074184
  21.4181519  0.0799002349  0.0585102364
  21.4318237  0.0800094828  0.0586131997
  21.4455051  0.0801189095  0.0587163605
  21.4591961  0.0802284777  0.0588197149
  21.4728966  0.0803382099  0.058923237
  21.4866047  0.080448091  0.0590269677
  21.5003204  0.0805580989  0.05913084
  21.5140457  0.0806682706  0.0592349097
  21.5277805  0.0807785839  0.0593391769
  21.541523  0.0808890536  0.0594436117
  21.555275  0.080999665  0.0595482327
  21.5690365  0.0811104476  0.0596530512
  21.5828056  0.0812176242  0.0597580299
  21.5965843  0.0813248456  0.0598632097
  21.6103706  0.0814322084  0.0599685833
  21.6241665  0.0815396979  0.0600741133
  21.63797  0.0816473439  0.060179837
  21.6517849  0.0817551464  0.0602857806
  21.6656075  0.0818630755  0.0603918843
  21.6794376  0.0819711462  0.0604981743
  21.6932774  0.0820793658  0.060604658
  21.7071266  0.0821877047  0.0607113093
  21.7209835  0.0822962075  0.060818173
  21.7348499  0.0824048519  0.0609252192
  21.7487259  0.0825136453  0.061032474
  21.7626095  0.0826225579  0.0611398667
  21.7765026  0.0827316418  0.0612474829
  21.7904034  0.082840845  0.0613552555
  21.8043156  0.0829502344  0.0614632703
  21.8182354  0.0830597356  0.0615714453
  21.8321629  0.0831693709  0.0616798177
  21.8460999  0.0832791626  0.061788369
  21.8600464  0.083389096  0.0618971139
  21.8740025  0.0834992006  0.0620060787
  21.8879662  0.0836094245  0.0621152036
  21.9019394  0.08371979  0.0622245148
  21.9159203  0.0838303119  0.062334042
  21.9299126  0.0839379057  0.0624437742
  21.9439125  0.0840449855  0.0625536814
  21.9579201  0.0841522142  0.0626637861
  21.9719372  0.0842595696  0.0627740771
  21.9859638  0.0843670592  0.0628845766
  22.  0.0844747052  0.0629952624
