 C Density=2.2
 Wavelength (nm), Delta, Beta
  16.  0.0539849289  0.0117402608
  16.0102139  0.0540532768  0.0117636947
  16.0204353  0.0541217066  0.0117871687
  16.0306625  0.0541902147  0.0118106874
  16.0408955  0.0542588159  0.0118342545
  16.051136  0.0543275066  0.0118578766
  16.0613823  0.0543962829  0.0118815377
  16.0716362  0.0544651449  0.0119052539
  16.0818958  0.0545340963  0.0119290091
  16.0921631  0.0546031408  0.0119528137
  16.1024361  0.0546722673  0.0119766714
  16.1127148  0.0547414757  0.0120005691
  16.1230011  0.054810781  0.0120245237
  16.1332951  0.0548801683  0.0120485192
  16.1435928  0.0549496412  0.0120725594
  16.1539001  0.0550192147  0.0120966583
  16.1642113  0.0550887808  0.0121207926
  16.1745319  0.0551584028  0.0121449875
  16.1848564  0.0552280731  0.0121692168
  16.1951885  0.055297859  0.0121934982
  16.2055283  0.055367738  0.0122178374
  16.2158737  0.0554376803  0.0122422138
  16.2262249  0.0555077195  0.0122666387
  16.2365837  0.0555778518  0.0122911213
  16.2469482  0.0556480624  0.0123156449
  16.2573204  0.0557183847  0.0123402206
  16.2677002  0.0557887852  0.0123648513
  16.2780838  0.055859264  0.0123895193
  16.2884769  0.0559298433  0.0124142487
  16.2988739  0.0560004897  0.0124390153
  16.3092804  0.0560712628  0.0124638379
  16.3196907  0.0561420992  0.0124887126
  16.3301086  0.0562130213  0.0125136301
  16.3405342  0.0562840588  0.0125386007
  16.3509655  0.0563551597  0.0125636235
  16.3614044  0.0564263649  0.012588691
  16.3718491  0.0564976595  0.0126138106
  16.3823013  0.0565690398  0.0126389861
  16.3927593  0.0566405207  0.0126642054
  16.403223  0.0567120761  0.0126894796
  16.4136963  0.0567837246  0.0127147995
  16.4241734  0.0568554103  0.0127401678
  16.4346581  0.0569270886  0.0127655873
  16.4451504  0.0569988713  0.0127910655
  16.4556484  0.0570707284  0.0128165865
  16.4661541  0.0571426935  0.0128421672
  16.4766655  0.0572147332  0.0128677897
  16.4871845  0.0572868772  0.0128934653
  16.4977093  0.0573591031  0.0129191978
  16.5082417  0.0574314296  0.0129449768
  16.5187798  0.0575038344  0.0129708117
  16.5293255  0.0575763397  0.0129966931
  16.5398769  0.0576489344  0.0130226249
  16.550436  0.0577216148  0.0130486144
  16.5610027  0.0577943958  0.0130746504
  16.5715752  0.0578672737  0.013100748
  16.5821533  0.0579402223  0.0131268837
  16.5927391  0.0580132827  0.0131530771
  16.6033325  0.0580864325  0.0131793292
  16.6139317  0.0581596643  0.0132056251
  16.6245365  0.0582329854  0.0132319722
  16.6351509  0.0583064146  0.0132583817
  16.6457691  0.0583799258  0.013284836
  16.6563969  0.0584535338  0.0133113433
  16.6670303  0.0585272312  0.0133379102
  16.6776695  0.0586010255  0.0133645227
  16.6883163  0.0586748645  0.0133911883
  16.6989708  0.0587486811  0.0134179154
  16.709631  0.0588225909  0.013444691
  16.7202969  0.0588965826  0.0134715233
  16.7309723  0.0589706823  0.0134984059
  16.7416534  0.0590448678  0.0135253407
  16.7523403  0.05911915  0.013552337
  16.7630348  0.0591935106  0.013579376
  16.773735  0.0592679791  0.0136064729
  16.7844448  0.059342552  0.013633633
  16.7951584  0.0594171919  0.0136608351
  16.8058815  0.059491951  0.0136881033
  16.8166103  0.0595667884  0.0137154153
  16.8273449  0.0596417189  0.0137427822
  16.8380871  0.0597167499  0.0137702115
  16.8488369  0.0597918704  0.0137976874
  16.8595924  0.0598670915  0.0138252201
  16.8703556  0.0599424019  0.0138528133
  16.8811264  0.060017813  0.0138804549
  16.8919029  0.0600933209  0.0139081609
  16.9026852  0.0601689108  0.0139359115
  16.9134769  0.0602446049  0.0139637189
  16.9242744  0.0603203923  0.0139915897
  16.9350777  0.0603962727  0.0140195079
  16.9458885  0.0604722537  0.0140474821
  16.956707  0.060548313  0.0140755195
  16.9675312  0.060624294  0.0141036017
  16.978363  0.0607003719  0.0141317407
  16.9892025  0.0607765652  0.0141599458
  17.0000477  0.0608528405  0.0141881984
  17.0109005  0.0609291978  0.014216505
  17.0217609  0.0610056855  0.0142448815
  17.0326271  0.0610822365  0.0142732998
  17.0435009  0.0611589029  0.014301789
  17.0543804  0.0612356514  0.014330321
  17.0652676  0.0613125078  0.0143589154
  17.0761623  0.06138945  0.0143875713
  17.0870628  0.061466489  0.0144162755
  17.097971  0.0615436323  0.0144450394
  17.1088867  0.0616208725  0.0144738695
  17.1198082  0.0616982132  0.0145027479
  17.1307373  0.0617756434  0.0145316925
  17.141674  0.0618531667  0.0145606846
  17.1526165  0.0619307943  0.0145897372
  17.1635666  0.0620085187  0.014618854
  17.1745243  0.0620863438  0.0146480249
  17.1854877  0.0621642545  0.014677247
  17.1964588  0.0622422695  0.0147065409
  17.2074375  0.0623203851  0.0147358831
  17.2184219  0.0623985976  0.014765284
  17.229414  0.0624769107  0.0147947529
  17.2404137  0.0625551492  0.0148242768
  17.2514191  0.0626334473  0.0148538612
  17.2624321  0.0627118573  0.0148835005
  17.2734528  0.0627903715  0.0149131985
  17.2844791  0.0628689751  0.0149429627
  17.2955132  0.062947683  0.0149727799
  17.3065548  0.0630264804  0.0150026642
  17.3176041  0.0631053895  0.0150326006
  17.3286591  0.0631844029  0.0150625966
  17.3397217  0.0632634908  0.0150926588
  17.35079  0.063342683  0.0151227722
  17.3618679  0.063421987  0.015152948
  17.3729515  0.0635013878  0.0151831936
  17.3840408  0.0635808781  0.0152134867
  17.3951397  0.0636604801  0.0152438534
  17.4062443  0.0637401789  0.0152742704
  17.4173565  0.0638199747  0.015304748
  17.4284744  0.0638998598  0.0153352842
  17.4396019  0.0639798716  0.015365894
  17.4507351  0.0640599653  0.015396555
  17.461874  0.0641401485  0.0154272821
  17.4730225  0.0642204508  0.015458066
  17.4841766  0.06430085  0.0154889207
  17.4953384  0.0643813387  0.0155198229
  17.5065079  0.0644619539  0.0155507941
  17.517683  0.0645424649  0.0155818332
  17.5288658  0.0646230206  0.0156129273
  17.5400562  0.0647037029  0.0156440847
  17.5512543  0.0647844747  0.0156753138
  17.562458  0.0648653433  0.015706595
  17.5736694  0.0649463087  0.0157379378
  17.5848885  0.065027386  0.015769355
  17.5961151  0.06510856  0.0158008244
  17.6073475  0.0651898459  0.0158323571
  17.6185875  0.0652712211  0.0158639587
  17.6298351  0.0653527007  0.0158956163
  17.6410904  0.0654342845  0.0159273483
  17.6523514  0.0655159578  0.0159591287
  17.6636219  0.0655977502  0.01599098
  17.6748981  0.0656796396  0.0160229001
  17.6861801  0.0657616183  0.0160548743
  17.6974716  0.0658437237  0.0160869155
  17.7087688  0.0659259036  0.0161190256
  17.7200737  0.0660081953  0.0161511898
  17.7313862  0.0660905913  0.016183421
  17.7427063  0.0661731064  0.0162157305
  17.7540321  0.066255711  0.0162480902
  17.7653675  0.0663384274  0.0162805244
  17.7767086  0.0664212331  0.0163130127
  17.7880554  0.0665041283  0.0163455624
  17.7994118  0.0665869862  0.0163781885
  17.8107758  0.0666698739  0.0164108705
  17.8221455  0.0667528361  0.0164436083
  17.8335228  0.066835925  0.0164764281
  17.8449078  0.0669191033  0.016509302
  17.8562984  0.0670023784  0.0165422391
  17.8676987  0.0670857802  0.0165752564
  17.8791046  0.067169264  0.0166083258
  17.8905182  0.0672528595  0.0166414715
  17.9019394  0.0673365593  0.0166746732
  17.9133682  0.0674203709  0.0167079456
  17.9248047  0.0675042793  0.0167412907
  17.9362469  0.0675882772  0.0167746879
  17.9476967  0.0676723942  0.0168081559
  17.9591541  0.0677566156  0.0168417003
  17.9706192  0.0678409413  0.0168753043
  17.9820919  0.0679253787  0.0169089846
  17.9935722  0.0680099279  0.0169427227
  18.0050583  0.068094559  0.0169765241
  18.016552  0.0681792945  0.0170104038
  18.0280533  0.0682641566  0.0170443449
  18.0395622  0.0683491156  0.0170783494
  18.0510788  0.0684341639  0.017112432
  18.062603  0.0685193464  0.0171465781
  18.0741329  0.0686046258  0.0171807986
  18.0856724  0.0686898455  0.0172150768
  18.0972176  0.0687750503  0.0172494277
  18.1087704  0.0688603446  0.0172838569
  18.1203308  0.0689457506  0.0173183437
  18.1318989  0.0690312758  0.0173528995
  18.1434746  0.0691168904  0.0173875354
  18.155056  0.0692026168  0.0174222272
  18.166647  0.0692884475  0.0174570009
  18.1782436  0.0693743825  0.0174918324
  18.1898479  0.0694604367  0.0175267346
  18.2014618  0.0695465803  0.0175617151
  18.2130814  0.069632858  0.0175967608
  18.2247066  0.0697191954  0.017631866
  18.2363415  0.0698056743  0.017667057
  18.2479839  0.0698922724  0.0177023113
  18.2596321  0.069978945  0.0177376326
  18.2712898  0.0700657368  0.0177730341
  18.2829533  0.0701526329  0.017808497
  18.2946262  0.0702396557  0.0178440437
  18.3063049  0.0703267753  0.0178796481
  18.3179913  0.0704139993  0.0179153215
  18.3296852  0.0705013275  0.0179510787
  18.3413868  0.0705887675  0.0179868974
  18.353096  0.0706763119  0.0180227868
  18.3648109  0.0707639679  0.0180587564
  18.3765354  0.0708516091  0.0180947892
  18.3882675  0.0709391534  0.0181309078
  18.4000053  0.0710267648  0.0181670804
  18.4117527  0.0711145326  0.018203333
  18.4235058  0.071202375  0.0182396527
  18.4352665  0.071290344  0.0182760581
  18.4470367  0.0713784173  0.018312525
  18.4588127  0.07146658  0.018349072
  18.4705963  0.0715548769  0.0183856841
  18.4823875  0.071643278  0.0184223708
  18.4941864  0.071731776  0.0184591357
  18.5059929  0.0718204007  0.0184959695
  18.517807  0.0719091222  0.0185328852
  18.5296288  0.0719979629  0.0185698643
  18.5414581  0.0720869079  0.0186069179
  18.5532951  0.0721759647  0.0186440554
  18.5651379  0.0722651109  0.0186812505
  18.5769901  0.0723543912  0.0187185276
  18.58885  0.0724437907  0.0187558923
  18.6007175  0.0725332797  0.0187933166
  18.6125908  0.0726228803  0.0188308246
  18.6244736  0.0727125928  0.0188683942
  18.6363621  0.0728024095  0.018906042
  18.6482601  0.0728923529  0.0189437773
  18.6601658  0.0729824081  0.0189815778
  18.6720772  0.0730724707  0.0190194529
  18.6839981  0.0731623247  0.0190574136
  18.6959248  0.073252283  0.0190954357
  18.7078609  0.073342368  0.019133538
  18.7198029  0.0734325573  0.019171726
  18.7317543  0.0735228732  0.019209981
  18.7437115  0.0736132637  0.0192483217
  18.7556782  0.0737038031  0.0192867294
  18.7676506  0.0737944245  0.0193252098
  18.7796326  0.0738851726  0.0193637833
  18.7916203  0.0739760175  0.0194024146
  18.8036175  0.0740669966  0.0194411334
  18.8156204  0.074158065  0.0194799304
  18.8276329  0.074249275  0.0195188019
  18.8396511  0.0743405595  0.0195577461
  18.8516788  0.0744319856  0.0195967834
  18.8637142  0.0745235234  0.0196358897
  18.8757553  0.0746151432  0.0196750741
  18.8878059  0.0747068971  0.0197143313
  18.8998642  0.0747987628  0.0197536685
  18.9119282  0.0748907253  0.0197930913
  18.9240017  0.0749828368  0.0198325869
  18.9360828  0.0750750378  0.0198721718
  18.9481716  0.0751673579  0.0199118238
  18.960268  0.0752597898  0.0199515559
  18.9723721  0.0753522813  0.0199913755
  18.9844837  0.0754444003  0.0200312641
  18.996603  0.0755366683  0.0200712439
  19.0087299  0.0756289959  0.0201113019
  19.0208645  0.0757214725  0.0201514345
  19.0330086  0.0758140758  0.0201916676
  19.0451584  0.075906761  0.0202319585
  19.0573158  0.0759995654  0.0202723276
  19.0694828  0.0760924891  0.0203127954
  19.0816555  0.0761855245  0.0203533284
  19.0938377  0.0762786791  0.0203939453
  19.1060276  0.0763719454  0.0204346534
  19.1182232  0.0764653087  0.0204754304
  19.1304283  0.0765587986  0.0205162913
  19.1426411  0.0766524151  0.0205572452
  19.1548615  0.076746136  0.0205982681
  19.1670895  0.0768399537  0.0206393711
  19.179327  0.0769339129  0.020680571
  19.1915703  0.077027984  0.0207218416
  19.2038212  0.0771221593  0.0207632035
  19.2160816  0.0772164464  0.020804638
  19.2283478  0.0773108453  0.0208461527
  19.2406235  0.0774053708  0.020887766
  19.2529068  0.0775000006  0.0209294446
  19.2651978  0.077594772  0.0209712274
  19.2774963  0.0776896253  0.0210130718
  19.2898026  0.0777839571  0.0210550018
  19.3021164  0.0778783783  0.0210970286
  19.3144398  0.0779729187  0.02113913
  19.3267689  0.0780675486  0.0211813077
  19.3391075  0.07816232  0.0212235861
  19.3514538  0.0782571957  0.021265937
  19.3638077  0.0783521906  0.0213083755
  19.3761692  0.0784472972  0.0213509072
  19.3885384  0.0785425082  0.0213935077
  19.4009151  0.0786378533  0.0214361995
  19.4133015  0.0787333027  0.0214789845
  19.4256935  0.0788288713  0.021521844
  19.4380951  0.0789245442  0.0215648003
  19.4505043  0.0790203437  0.0216078348
  19.4629211  0.0791162625  0.0216509514
  19.4753456  0.079212293  0.0216941666
  19.4877777  0.0793084428  0.0217374545
  19.5002193  0.0794046968  0.0217808299
  19.5126686  0.0795010924  0.0218243077
  19.5251255  0.0795975849  0.0218678564
  19.53759  0.0796941966  0.0219115075
  19.5500622  0.07979092  0.0219552256
  19.562542  0.0798877701  0.021999035
  19.5750313  0.0799847394  0.0220429488
  19.5875282  0.0800818205  0.0220869314
  19.6000309  0.0801781341  0.0221310016
  19.612545  0.0802743807  0.0221751668
  19.6250648  0.0803707317  0.0222194102
  19.6375923  0.0804672018  0.0222637411
  19.6501293  0.0805637911  0.0223081727
  19.662674  0.0806604922  0.0223526806
  19.6752262  0.080757305  0.0223972872
  19.6877861  0.0808542445  0.0224419758
  19.7003555  0.0809513032  0.0224867538
  19.7129307  0.0810484439  0.0225316267
  19.7255154  0.0811457336  0.0225765798
  19.7381077  0.0812431276  0.0226216242
  19.7507095  0.0813406557  0.0226667747
  19.7633171  0.0814382732  0.0227119941
  19.7759342  0.0815360323  0.0227573235
  19.788559  0.0816338956  0.0228027273
  19.8011913  0.0817318633  0.0228482187
  19.8138332  0.0818299726  0.0228938218
  19.8264809  0.0819281787  0.0229394976
  19.839138  0.0820265189  0.0229852647
  19.8518028  0.0821249709  0.0230311379
  19.8644772  0.082223542  0.0230770893
  19.8771572  0.0823222175  0.0231231283
  19.8898468  0.0824210271  0.0231692772
  19.902544  0.0825199559  0.0232155044
  19.9152508  0.0826172233  0.0232618377
  19.9279633  0.0827137753  0.0233082529
  19.9406853  0.0828104466  0.023354765
  19.9534149  0.0829072148  0.0234013777
  19.9661541  0.083004117  0.0234480761
  19.978899  0.0831011087  0.0234948583
  19.9916534  0.0831982121  0.0235417522
  20.0044155  0.0832954571  0.02358873
  20.0171871  0.0833928064  0.023635814
  20.0299664  0.0834902599  0.0236829761
  20.0427532  0.0835878178  0.0237302333
  20.0555477  0.0836854875  0.0237775929
  20.0683517  0.0837832987  0.0238250419
  20.0811615  0.0838811845  0.0238725785
  20.0939827  0.0839792192  0.0239202324
  20.1068096  0.0840773359  0.023967959
  20.1196461  0.0841755942  0.0240157843
  20.1324902  0.0842739493  0.0240637213
  20.1453419  0.0843724236  0.0241117347
  20.1582031  0.0844710097  0.024159858
  20.171072  0.084569715  0.0242080707
  20.1839485  0.0846685171  0.024256371
  20.1968327  0.0847674459  0.0243047867
  20.2097263  0.0848665014  0.0243532844
  20.2226276  0.0849656537  0.0244018771
  20.2355385  0.0850640461  0.0244477782
  20.248457  0.0851618275  0.0244913641
  20.2613831  0.085259676  0.0245350264
  20.2743168  0.0853576511  0.0245787594
  20.2872601  0.0854557529  0.0246225763
  20.300211  0.085553959  0.024666477
  20.3131714  0.0856522843  0.0247104503
  20.3261375  0.0857507065  0.0247544944
  20.3391151  0.0858492479  0.0247986373
  20.3520985  0.0859478936  0.0248428397
  20.3650913  0.086046651  0.0248871353
  20.3780918  0.0861455277  0.024931496
  20.3911018  0.0862445384  0.0249759424
  20.4041176  0.0863436162  0.0250204559
  20.4171448  0.0864428356  0.0250650719
  20.4301777  0.0865421444  0.0251097493
  20.4432201  0.0866415799  0.025154518
  20.4562721  0.0867411494  0.0251993649
  20.4693298  0.0868408009  0.0252442807
  20.4823971  0.0869405717  0.0252892915
  20.4954739  0.087040484  0.025334375
  20.5085583  0.0871404782  0.0253795441
  20.5216503  0.0872405842  0.025424784
  20.53475  0.0873408094  0.0254701041
  20.5478592  0.0874411464  0.0255155172
  20.5609779  0.0875428542  0.0255601332
  20.5741024  0.0876465365  0.0256034974
  20.5872383  0.0877503604  0.0256469492
  20.6003799  0.0878542811  0.0256904606
  20.6135311  0.0879583359  0.0257340576
  20.6266899  0.088062495  0.0257777162
  20.6398582  0.0881668106  0.0258214548
  20.6530342  0.088271223  0.0258652717
  20.6662197  0.0883757845  0.0259091612
  20.6794128  0.0884804502  0.0259531178
  20.6926136  0.0885852352  0.0259971563
  20.7058239  0.0886901543  0.0260412656
  20.7190418  0.0887952  0.0260854494
  20.7322693  0.0889003426  0.0261297133
  20.7455044  0.0890056342  0.0261740498
  20.7587471  0.089111045  0.0262184646
  20.7719994  0.0892165676  0.0262629446
  20.7852612  0.0893222392  0.0263075083
  20.7985287  0.0894280151  0.0263521485
  20.8118076  0.08953394  0.026396865
  20.8250923  0.0896399543  0.0264416449
  20.8383865  0.0897461027  0.0264865179
  20.8516903  0.0898523927  0.026531456
  20.8650017  0.0899588019  0.0265764706
  20.8783226  0.0900653303  0.0266215708
  20.8916512  0.0901724398  0.0266667418
  20.9049873  0.0902809426  0.0267119985
  20.9183331  0.0903895795  0.0267573241
  20.9316864  0.0904983506  0.0268027224
  20.9450493  0.0906072557  0.0268482137
  20.9584198  0.09071628  0.0268937666
  20.9717999  0.0908254385  0.0269393995
  20.9851875  0.0909347311  0.02698512
  20.9985847  0.0910441726  0.0270309094
  21.0119896  0.0911537185  0.0270767733
  21.025404  0.091263406  0.0271227285
  21.038826  0.0913732275  0.0271687489
  21.0522575  0.0914831758  0.0272148587
  21.0656967  0.0915932581  0.0272610374
  21.0791454  0.0917034745  0.0273072924
  21.0926018  0.0918138176  0.0273536388
  21.1060658  0.0919242874  0.0274000484
  21.1195412  0.0920349061  0.0274465531
  21.1330223  0.0921456441  0.027493123
  21.146513  0.0922565162  0.0275397729
  21.1600132  0.0923675224  0.0275865104
  21.173521  0.0924786702  0.0276333187
  21.1870384  0.0925899372  0.027680207
  21.2005634  0.0927013457  0.027727183
  21.214098  0.0928128958  0.0277742315
  21.2276421  0.0929247141  0.0278213602
  21.2411919  0.0930376723  0.0278685633
  21.2547531  0.0931508169  0.0279158466
  21.268322  0.0932640657  0.0279632173
  21.2818985  0.0933774486  0.0280106552
  21.2954845  0.0934909806  0.0280581713
  21.3090801  0.0936046541  0.0281057861
  21.3226833  0.0937184617  0.0281534642
  21.3362961  0.0938324109  0.0282012299
  21.3499165  0.0939464942  0.0282490831
  21.3635464  0.0940607116  0.0282970071
  21.3771839  0.0941750705  0.0283450112
  21.390831  0.094289571  0.0283931084
  21.4044857  0.0944042057  0.0284412764
  21.4181519  0.0945189968  0.0284895431
  21.4318237  0.0946338922  0.0285378695
  21.4455051  0.094748944  0.0285862833
  21.4591961  0.09486413  0.0286347885
  21.4728966  0.0949794874  0.0286833718
  21.4866047  0.0950949639  0.0287320465
  21.5003204  0.0952105597  0.0287807826
  21.5140457  0.0953263193  0.0288296137
  21.5277805  0.0954422131  0.0288785305
  21.541523  0.0955582485  0.0289275236
  21.555275  0.0956744254  0.0289765988
  21.5690365  0.0957907438  0.0290257689
  21.5828056  0.0959082097  0.0290750191
  21.5965843  0.0960258693  0.0291243531
  21.6103706  0.0961436555  0.0291737784
  21.6241665  0.0962615833  0.02922328
  21.63797  0.0963796675  0.0292728636
  21.6517849  0.0964979008  0.0293225497
  21.6656075  0.0966162756  0.0293723028
  21.6794376  0.0967347696  0.0294221472
  21.6932774  0.0968534425  0.0294720717
  21.7071266  0.096972242  0.0295220781
  21.7209835  0.0970911831  0.0295721777
  21.7348499  0.097210288  0.0296223573
  21.7487259  0.0973295346  0.029672632
  21.7626095  0.0974489078  0.0297229756
  21.7765026  0.0975684598  0.0297734141
  21.7904034  0.0976881161  0.0298239272
  21.8043156  0.0978079662  0.0298745483
  21.8182354  0.0979279429  0.0299252383
  21.8321629  0.0980480388  0.0299760215
  21.8460999  0.0981683135  0.030026881
  21.8600464  0.0982887149  0.03007783
  21.8740025  0.09840931  0.0301288832
  21.8879662  0.0985300094  0.0301800035
  21.9019394  0.0986508578  0.0302312095
  21.9159203  0.0987718552  0.0302825123
  21.9299126  0.0988939479  0.0303339027
  21.9439125  0.099016346  0.0303853806
  21.9579201  0.0991389155  0.0304369386
  21.9719372  0.0992616266  0.0304885823
  21.9859638  0.0993844867  0.0305403266
  22.  0.0995075032  0.0305921454
