 Al Density=2.699
 Wavelength (nm), Delta, Beta
  16. -0.0136089036  0.0262144748
  16.0102139 -0.0136629818  0.0261900276
  16.0204353 -0.0137171475  0.0261656512
  16.0306625 -0.0137714269  0.0261412915
  16.0408955 -0.0138258245  0.026116956
  16.051136 -0.0138803674  0.0260926001
  16.0613823 -0.0139349978  0.026068313
  16.0716362 -0.0139897736  0.0260440018
  16.0818958 -0.0140446378  0.0260197558
  16.0921631 -0.0140996221  0.0259955376
  16.1024361 -0.0141547499  0.025971299
  16.1127148 -0.0142099662  0.02594712
  16.1230011 -0.0142653305  0.0259229224
  16.1332951 -0.0143207861  0.0258987956
  16.1435928 -0.0143763572  0.0258746855
  16.1539001 -0.0144320773  0.0258505605
  16.1642113 -0.0144969206  0.0258264951
  16.1745319 -0.0145703508  0.0258024242
  16.1848564 -0.0146438954  0.025778411
  16.1951885 -0.0147176087  0.0257544219
  16.2055283 -0.0147915324  0.0257304218
  16.2158737 -0.0148655716  0.0257064737
  16.2262249 -0.0149397757  0.0256825499
  16.2365837 -0.0150141893  0.0256586093
  16.2469482 -0.0150887258  0.025634734
  16.2573204 -0.0151634337  0.0256108809
  16.2677002 -0.0152383465  0.0255870111
  16.2780838 -0.0153133795  0.0255631935
  16.2884769 -0.0153886275  0.0255393684
  16.2988739 -0.0154639939  0.0255155955
  16.3092804 -0.0155395353  0.0254918598
  16.3196907 -0.0156152816  0.0254680943
  16.3301086 -0.0156911537  0.0254443921
  16.3405342 -0.0157671999  0.0254207198
  16.3509655 -0.0158434492  0.0253970195
  16.3614044 -0.0159198288  0.0253733844
  16.3718491 -0.0159963779  0.0253497791
  16.3823013 -0.0160731412  0.0253261458
  16.3927593 -0.0161500312  0.0253025815
  16.403223 -0.0162271298  0.0252789911
  16.4136963 -0.0163043588  0.0252554715
  16.4241734 -0.016398089  0.0252319649
  16.4346581 -0.016519092  0.0252084844
  16.4451504 -0.0166404545  0.0251849871
  16.4556484 -0.0167620219  0.0251615513
  16.4661541 -0.0168839525  0.025138095
  16.4766655 -0.0170060862  0.0251147039
  16.4871845 -0.0171285104  0.0250913352
  16.4977093 -0.0172512885  0.0250679422
  16.5082417 -0.0173742846  0.0250446182
  16.5187798 -0.0174976364  0.0250212718
  16.5293255 -0.0176212005  0.0249979887
  16.5398769 -0.0177450515  0.0249747261
  16.550436 -0.0178692658  0.0249514431
  16.5610027 -0.0179936942  0.0249282252
  16.5715752 -0.0181184895  0.0249049924
  16.5821533 -0.0182434898  0.0248818099
  16.5927391 -0.0183687862  0.0248586591
  16.6033325 -0.0184944514  0.0248354897
  16.6139317 -0.0186203253  0.024812378
  16.6245365 -0.0187464915  0.0247892849
  16.6351509 -0.0188730303  0.0247661807
  16.6457691 -0.0189997796  0.0247431323
  16.6563969 -0.0191268269  0.02472011
  16.6670303 -0.0192542393  0.0246970635
  16.6776695 -0.0193818752  0.024674084
  16.6883163 -0.0195546355  0.0246511213
  16.6989708 -0.0198756605  0.0246281363
  16.709631 -0.0201972499  0.0246052202
  16.7202969 -0.0205198489  0.0245822743
  16.7309723 -0.0208430197  0.0245593973
  16.7416534 -0.0211669821  0.0245365407
  16.7523403 -0.0214919597  0.0245136674
  16.7630348 -0.0218175072  0.0244908463
  16.773735 -0.0221438538  0.024468055
  16.7844448 -0.0224712268  0.024445245
  16.7951584 -0.0227991659  0.024422491
  16.8058815 -0.0231281389  0.0243997257
  16.8166103 -0.0234576873  0.0243770145
  16.8273449 -0.0237880386  0.0243543275
  16.8380871 -0.0241194218  0.0243316181
  16.8488369 -0.0244513843  0.0243089721
  16.8595924 -0.0247841626  0.0242863502
  16.8703556 -0.0251179691  0.0242637061
  16.8811264 -0.025452368  0.0242411233
  16.8919029 -0.0257878043  0.0242185239
  16.9026852 -0.0261238273  0.0241959821
  16.9134769 -0.0264606681  0.0241734665
  16.9242744 -0.0267985538  0.0241509248
  16.9350777 -0.0271370299  0.0241284482
  16.9458885 -0.0274763294  0.0241059922
  16.956707 -0.0279130414  0.0240835138
  16.9675312 -0.0292952154  0.0240610875
  16.978363 -0.0306808706  0.0240386762
  16.9892025 -0.0320710354  0.0240162555
  17.0000477 -0.0334636904  0.0239938889
  17.0109005 -0.0348598398  0.0239715427
  17.0217609 -0.0362605341  0.0239491835
  17.0326271 -0.0374358371  0.021925658
  17.0435009 -0.0373744629  0.0124839284
  17.0543804 -0.037312936  0.00711103389
  17.0652676 -0.0372512043  0.00405055424
  17.0761623 -0.037189167  0.00230628508
  17.0870628 -0.0363119058  0.0021139835
  17.097971 -0.0352829807  0.00211399654
  17.1088867 -0.0342505649  0.00211400772
  17.1198082 -0.0332162566  0.00211402052
  17.1307373 -0.0321784429  0.0021140317
  17.141674 -0.0311387312  0.0021140445
  17.1526165 -0.0300963111  0.00211405754
  17.1635666 -0.0290503725  0.00211406848
  17.1745243 -0.0280025229  0.00211408176
  17.1854877 -0.0269519426  0.00211409433
  17.1964588 -0.0258978251  0.0021141055
  17.2074375 -0.0248417836  0.00211411831
  17.2184219 -0.023783002  0.00211413135
  17.229414 -0.0227206629  0.00211414276
  17.2404137 -0.0223960653  0.00211415533
  17.2514191 -0.0221087839  0.00211416604
  17.2624321 -0.0218209736  0.00211417861
  17.2734528 -0.021532394  0.00211419119
  17.2844791 -0.0212428011  0.0021142019
  17.2955132 -0.0209526718  0.00211421447
  17.3065548 -0.020661531  0.00211422541
  17.3176041 -0.0203698501  0.00211423798
  17.3286591 -0.0200773906  0.00211425126
  17.3397217 -0.0197839104  0.00211426173
  17.35079 -0.0194898825  0.00211427407
  17.3618679 -0.0191950779  0.00211428665
  17.3729515 -0.0188992489  0.00211429782
  17.3840408 -0.0186028667  0.00211430993
  17.3951397 -0.0183054637  0.00211432111
  17.4062443 -0.0180075094  0.00211433391
  17.4173565 -0.0177087616  0.00211434625
  17.4284744 -0.0174092185  0.00211435882
  17.4396019 -0.0171086509  0.00211437
  17.4507351 -0.0168075208  0.00211438281
  17.461874 -0.0165053476  0.00211439282
  17.4730225 -0.0162026249  0.00211440609
  17.4841766 -0.0158988591  0.0021144168
  17.4953384 -0.015594529  0.00211442914
  17.5065079 -0.0152894007  0.00211444241
  17.517683 -0.0151023977  0.00211445265
  17.5288658 -0.0149429608  0.00211446476
  17.5400562 -0.0147830956  0.00211447757
  17.5512543 -0.0146226604  0.00211448804
  17.562458 -0.0144619262  0.00211450038
  17.5736694 -0.0143007562  0.00211451272
  17.5848885 -0.0141390199  0.00211452344
  17.5961151 -0.01397698  0.00211453601
  17.6073475 -0.0138145024  0.00211454858
  17.6185875 -0.013651452  0.00211455859
  17.6298351 -0.013488099  0.0021145714
  17.6410904 -0.0133241713  0.00211458211
  17.6523514 -0.0131599335  0.00211459398
  17.6636219 -0.0129952617  0.00211460679
  17.6748981 -0.0128300088  0.0021146175
  17.6861801 -0.0126644466  0.00211462961
  17.6974716 -0.0124984449  0.00211464241
  17.7087688 -0.0123318583  0.00211465242
  17.7200737 -0.0121649625  0.002114665
  17.7313862 -0.0119976215  0.00211467734
  17.7427063 -0.0118296994  0.00211468828
  17.7540321 -0.0116614616  0.00211470062
  17.7653675 -0.0114926388  0.0021147111
  17.7767086 -0.0113235032  0.00211472367
  17.7880554 -0.011153914  0.00211473578
  17.7994118 -0.0110195465  0.00211474649
  17.8107758 -0.0109025845  0.00211475999
  17.8221455 -0.0107852994  0.00211477233
  17.8335228 -0.0106676035  0.00211478327
  17.8449078 -0.0105496878  0.00211479678
  17.8562984 -0.0104314489  0.00211480912
  17.8676987 -0.0103127975  0.00211482029
  17.8791046 -0.0101939207  0.00211483287
  17.8905182 -0.0100746267  0.00211484358
  17.9019394 -0.00995511003  0.00211485662
  17.9133682 -0.00983527116  0.00211486965
  17.9248047 -0.00971501227  0.0021148806
  17.9362469 -0.00959452614  0.00211489294
  17.9476967 -0.00947371777  0.00211490551
  17.9591541 -0.00935248658  0.00211491645
  17.9706192 -0.00923102908  0.00211492972
  17.9820919 -0.00910914876  0.00211494067
  17.9935722 -0.00898704119  0.00211495371
  18.0050583 -0.00886460394  0.00211496628
  18.016552 -0.00874174014  0.00211497699
  18.0280533 -0.00861865003  0.00211499003
  18.0395622 -0.00849523023  0.00211500283
  18.0510788 -0.00837138016  0.00211501354
  18.062603 -0.00824730191  0.00211502658
  18.0741329 -0.00812279154  0.00211503729
  18.0856724 -0.00801357348  0.00211503054
  18.0972176 -0.00791793689  0.00211500609
  18.1087704 -0.00782196317  0.00211497932
  18.1203308 -0.00772581017  0.00211495487
  18.1318989 -0.00762939965  0.00211493042
  18.1434746 -0.00753264967  0.00211490388
  18.155056 -0.00743572041  0.00211487897
  18.166647 -0.00733845169  0.00211485266
  18.1782436 -0.00724100135  0.00211482798
  18.1898479 -0.00714329071  0.0021148033
  18.2014618 -0.00704523828  0.00211477675
  18.2130814 -0.0069470061  0.00211475254
  18.2247066 -0.00684850756  0.00211472716
  18.2363415 -0.00674966816  0.00211470085
  18.2479839 -0.00665064668  0.00211467664
  18.2596321 -0.00655135885  0.00211465172
  18.2712898 -0.00645172596  0.00211462495
  18.2829533 -0.0063519096  0.0021146005
  18.2946262 -0.00625174819  0.00211457419
  18.3063049 -0.00615140004  0.00211454974
  18.3179913 -0.00605078507  0.0021145246
  18.3296852 -0.00594982225  0.00211449829
  18.3413868 -0.00584867271  0.00211447384
  18.353096 -0.0057472554  0.00211444916
  18.3648109 -0.00564548792  0.00211442262
  18.3765354 -0.00555081572  0.00211428455
  18.3882675 -0.00546744373  0.00211396441
  18.4000053 -0.00538391387  0.00211364543
  18.4117527 -0.00530016515  0.00211332785
  18.4235058 -0.00521619152  0.00211300934
  18.4352665 -0.00513192778  0.0021126892
  18.4470367 -0.00504750805  0.00211237115
  18.4588127 -0.00496279588  0.00211205077
  18.4705963 -0.00487792818  0.00211173296
  18.4823875 -0.00479283463  0.00211141515
  18.4941864 -0.00470744725  0.00211109454
  18.5059929 -0.00462190341  0.00211077696
  18.517807 -0.00453606481  0.00211045705
  18.5296288 -0.00445006741  0.00211013923
  18.5414581 -0.00436384324  0.00210982165
  18.5532951 -0.00427732337  0.00210950221
  18.5651379 -0.00419064192  0.00210918393
  18.5769901 -0.00410373416  0.00210886658
  18.58885 -0.0040165293  0.00210854737
  18.6007175 -0.0039291624  0.00210822979
  18.6125908 -0.00384149677  0.00210791011
  18.6244736 -0.00375367026  0.0021075923
  18.6363621 -0.00366561278  0.00210727472
  18.6482601 -0.00357725588  0.00210695551
  18.6601658 -0.00348873646  0.00210663886
  18.6720772 -0.00340325083  0.00210632174
  18.6839981 -0.00332755153  0.00210600323
  18.6959248 -0.00325171184  0.00210568658
  18.7078609 -0.00317567401  0.00210537016
  18.7198029 -0.00309937634  0.00210505165
  18.7317543 -0.00302293943  0.0021047357
  18.7437115 -0.00294624106  0.00210441696
  18.7556782 -0.00286940276  0.002104101
  18.7676506 -0.00279236259  0.00210378459
  18.7796326 -0.00271506165  0.00210346631
  18.7916203 -0.00263761799  0.00210315012
  18.8036175 -0.00255997293  0.00210283417
  18.8156204 -0.00248206384  0.00210251589
  18.8276329 -0.00240401318  0.00210220041
  18.8396511 -0.00232575857  0.00210188422
  18.8516788 -0.0022472397  0.00210156641
  18.8637142 -0.0021685774  0.00210125116
  18.8757553 -0.00208964874  0.00210093241
  18.8878059 -0.00201057666  0.00210061716
  18.8998642 -0.00193129887  0.00210030167
  18.9119282 -0.0018517538  0.00209998316
  18.9240017 -0.00177206448  0.00209966814
  18.9360828 -0.00169210695  0.00209935079
  18.9481716 -0.00161200366  0.00209903507
  18.960268 -0.00153169304  0.00209871982
  18.9723721 -0.00145216577  0.00209840247
  18.9844837 -0.00138166081  0.00209808629
  18.996603 -0.00131097401  0.00209777127
  19.0087299 -0.00124004961  0.00209745346
  19.0208645 -0.00116899633  0.00209713797
  19.0330086 -0.00109770568  0.00209682132
  19.0451584 -0.00102628488  0.0020965056
  19.0573158 -0.000954679912  0.00209619012
  19.0694828 -0.000882836001  0.002095873
  19.0816555 -0.000810861355  0.00209555775
  19.0938377 -0.000738701783  0.00209524273
  19.1060276 -0.000666301581  0.00209492538
  19.1182232 -0.000593770121  0.00209461013
  19.1304283 -0.000521052338  0.00209429557
  19.1426411 -0.000448092876  0.00209397869
  19.1548615 -0.000375001226  0.00209366367
  19.1670895 -0.000301722059  0.00209334865
  19.179327 -0.000228200021  0.002093032
  19.1915703 -0.000154544905  0.00209271768
  19.2038212 -8.06459284E-05  0.00209240057
  19.2160816 -6.61334434E-06  0.00209208578
  19.2283478  6.76084674E-05  0.00209177122
  19.2406235  0.000142075427  0.00209145457
  19.2529068  0.000216676868  0.00209113979
  19.2651978  0.000291524397  0.00209082384
  19.2774963  0.000366506865  0.00209050905
  19.2898026  0.000435172726  0.00209040055
  19.3021164  0.000503811345  0.00209029811
  19.3144398  0.000572573743  0.00209019799
  19.3267689  0.000641510764  0.00209009694
  19.3391075  0.000710674154  0.00208999449
  19.3514538  0.000779961934  0.00208989414
  19.3638077  0.000849425734  0.00208979379
  19.3761692  0.000919116719  0.00208969112
  19.3885384  0.000988933025  0.00208959053
  19.4009151  0.00105892634  0.00208949042
  19.4133015  0.00112914806  0.00208938774
  19.4256935  0.00119949598  0.00208928715
  19.4380951  0.00127007335  0.00208918471
  19.4505043  0.0013407775  0.00208908436
  19.4629211  0.00141166023  0.00208898378
  19.4753456  0.00148277334  0.00208888156
  19.4877777  0.00155401416  0.00208878098
  19.5002193  0.0016254345  0.0020886804
  19.5126686  0.00169708685  0.00208857842
  19.5251255  0.00176886749  0.00208847807
  19.53759  0.00184088072  0.00208837539
  19.5500622  0.0019130226  0.00208827481
  19.562542  0.00198534573  0.00208817422
  19.5750313  0.00205790345  0.00208807224
  19.5875282  0.00213059038  0.00208797166
  19.6000309  0.00219750707  0.0020900073
  19.612545  0.00226333551  0.00209251302
  19.6250648  0.0023292813  0.00209502154
  19.6375923  0.00239539193  0.00209753285
  19.6501293  0.0024617149  0.00210004742
  19.662674  0.00252815615  0.00210256502
  19.6752262  0.00259481021  0.00210508541
  19.6877861  0.00266158325  0.00210760906
  19.7003555  0.00272852276  0.00211013574
  19.7129307  0.00279567577  0.00211266498
  19.7255154  0.00286294892  0.00211519771
  19.7381077  0.00293038925  0.00211773347
  19.7507095  0.00299804495  0.00212027249
  19.7633171  0.00306582032  0.00212281407
  19.7759342  0.00313381269  0.00212535891
  19.788559  0.0032019252  0.00212790677
  19.8011913  0.00327020651  0.00213045767
  19.8138332  0.00333870552  0.00213301182
  19.8264809  0.00340732536  0.00213556853
  19.839138  0.00347611587  0.00213812897
  19.8518028  0.00354512455  0.0021406922
  19.8644772  0.00361425569  0.00214325846
  19.8771572  0.00368355634  0.00214582775
  19.8898468  0.00375307794  0.00214840029
  19.902544  0.00382272247  0.00215097563
  19.9152508  0.0038875055  0.002153554
  19.9279633  0.00394999795  0.00215613516
  19.9406853  0.00401264429  0.00215871958
  19.9534149  0.00407548621  0.00216130703
  19.9661541  0.00413844083  0.00216389797
  19.978899  0.00420154724  0.00216649123
  19.9916534  0.0042648525  0.00216908823
  20.0044155  0.00432826998  0.00217168825
  20.0171871  0.00439188583  0.00217429176
  20.0299664  0.00445561344  0.00217689807
  20.0427532  0.00451949565  0.00217950717
  20.0555477  0.00458357763  0.00218211929
  20.0683517  0.00464777369  0.00218473538
  20.0811615  0.00471212436  0.00218735379
  20.0939827  0.00477667758  0.00218997593
  20.1068096  0.0048413421  0.00219260086
  20.1196461  0.00490616541  0.00219522906
  20.1324902  0.00497119036  0.00219786027
  20.1453419  0.00503632799  0.00220049475
  20.1582031  0.00510166911  0.00220313203
  20.171072  0.00516712526  0.00220577302
  20.1839485  0.0052327388  0.00220841682
  20.1968327  0.00529855676  0.00221106387
  20.2097263  0.00536448974  0.00221371418
  20.2226276  0.00543058245  0.00221636752
  20.2355385  0.0054939976  0.00221902411
  20.248457  0.00555506023  0.00222168467
  20.2613831  0.00561630912  0.00222434732
  20.2743168  0.00567766372  0.00222701323
  20.2872601  0.00573916873  0.00222968333
  20.300211  0.00580085954  0.00223235553
  20.3131714  0.00586266024  0.00223503192
  20.3261375  0.00592460716  0.00223771064
  20.3391151  0.00598674547  0.00224039331
  20.3520985  0.00604899134  0.00224307878
  20.3650913  0.00611142674  0.00224576751
  20.3780918  0.00617397064  0.00224845926
  20.3911018  0.00623666588  0.00225115498
  20.4041176  0.0062995092  0.00225385302
  20.4171448  0.00636254624  0.00225655502
  20.4301777  0.00642569037  0.00225925958
  20.4432201  0.00648902776  0.00226196763
  20.4562721  0.00655247644  0.00226467964
  20.4693298  0.00661607459  0.00226739398
  20.4823971  0.00667986693  0.00227011181
  20.4954739  0.00674377056  0.00227283314
  20.5085583  0.00680786744  0.00227555749
  20.5216503  0.00687207421  0.00227828533
  20.53475  0.00693643512  0.00228101597
  20.5478592  0.00700099068  0.00228375033
  20.5609779  0.00706392433  0.00228660158
  20.5741024  0.00712436577  0.00228962791
  20.5872383  0.00718499022  0.0022926589
  20.6003799  0.0072457171  0.00229569362
  20.6135311  0.00730662746  0.00229873252
  20.6266899  0.0073676412  0.00230177492
  20.6398582  0.00742880115  0.00230482197
  20.6530342  0.00749014365  0.00230787299
  20.6662197  0.00755159277  0.00231092819
  20.6794128  0.00761318533  0.00231398689
  20.6926136  0.00767496089  0.00231704977
  20.7058239  0.00773684401  0.00232011708
  20.7190418  0.00779887242  0.00232318812
  20.7322693  0.00786108617  0.00232626311
  20.7455044  0.00792340655  0.00232934253
  20.7587471  0.00798591319  0.00233242614
  20.7719994  0.00804852508  0.00233551301
  20.7852612  0.00811128691  0.002338605
  20.7985287  0.00817423221  0.00234170025
  20.8118076  0.00823728926  0.00234480062
  20.8250923  0.00830049068  0.00234790379
  20.8383865  0.00836388115  0.00235101185
  20.8516903  0.00842738058  0.0023541241
  20.8650017  0.0084910281  0.00235723983
  20.8783226  0.00855486561  0.0023603607
  20.8916512  0.00861768611  0.00236367597
  20.9049873  0.00867737923  0.00236755679
  20.9183331  0.00873717479  0.0023714439
  20.9316864  0.0087971082  0.0023753366
  20.9450493  0.00885721855  0.00237923698
  20.9584198  0.00891742855  0.00238314294
  20.9717999  0.00897778105  0.00238705496
  20.9851875  0.00903830864  0.00239097443
  20.9985847  0.00909894053  0.00239490019
  21.0119896  0.00915971119  0.00239883154
  21.025404  0.00922065973  0.00240277033
  21.038826  0.00928171165  0.00240671495
  21.0522575  0.00934294239  0.00241066678
  21.0656967  0.0094042765  0.00241462421
  21.0791454  0.00946575217  0.00241858815
  21.0926018  0.00952740666  0.00242255954
  21.1060658  0.00958916545  0.00242653629
  21.1195412  0.00965110585  0.00243052118
  21.1330223  0.0097131487  0.00243451097
  21.146513  0.00977533497  0.00243850774
  21.1600132  0.00983770378  0.00244251173
  21.173521  0.00990017597  0.00244652131
  21.1870384  0.00996279251  0.00245053787
  21.2005634  0.0100255907  0.00245456165
  21.214098  0.0100884959  0.00245859125
  21.2276421  0.0101510501  0.0024626276
  21.2411919  0.0102099357  0.00246667094
  21.2547531  0.0102689257  0.00247072149
  21.268322  0.0103280814  0.0024747788
  21.2818985  0.0103873368  0.00247884193
  21.2954845  0.0104467273  0.0024829118
  21.3090801  0.0105062881  0.00248698937
  21.3226833  0.0105659477  0.00249107252
  21.3362961  0.0106257442  0.00249516289
  21.3499165  0.0106857102  0.00249926024
  21.3635464  0.0107457768  0.00250336342
  21.3771839  0.0108059794  0.00250747357
  21.390831  0.0108663542  0.00251159142
  21.4044857  0.0109268287  0.00251571485
  21.4181519  0.0109874792  0.00251984666
  21.4318237  0.0110482257  0.00252398336
  21.4455051  0.0111091128  0.00252812752
  21.4591961  0.0111701712  0.00253227889
  21.4728966  0.0112313349  0.00253643724
  21.4866047  0.0112926718  0.00254060258
  21.5003204  0.0113541074  0.00254477351
  21.5140457  0.0114156855  0.00254895142
  21.5277805  0.0114774359  0.00255313702
  21.541523  0.0115392907  0.00255732914
  21.555275  0.0116012841  0.00256152824
  21.5690365  0.0116634546  0.00256573455
  21.5828056  0.0117222192  0.00256994646
  21.5965843  0.0117810238  0.00257416558
  21.6103706  0.0118399905  0.00257839216
  21.6241665  0.011899055  0.00258262432
  21.63797  0.0119582517  0.0025868644
  21.6517849  0.0120176151  0.00259111193
  21.6656075  0.0120770764  0.00259536575
  21.6794376  0.0121367015  0.00259962678
  21.6932774  0.0121964272  0.00260389433
  21.7071266  0.0122562842  0.00260816887
  21.7209835  0.0123163098  0.00261245109
  21.7348499  0.0123764351  0.00261674006
  21.7487259  0.012436728  0.00262103672
  21.7626095  0.0124971177  0.00262533873
  21.7765026  0.0125576453  0.00262964913
  21.7904034  0.0126183033  0.00263396557
  21.8043156  0.0126791345  0.00263829087
  21.8182354  0.0127400625  0.00264262152
  21.8321629  0.0128011601  0.00264696032
  21.8460999  0.0128623592  0.0026513054
  21.8600464  0.0129236933  0.00265565817
  21.8740025  0.0129852006  0.00266001886
  21.8879662  0.0130468076  0.00266438513
  21.9019394  0.0131085487  0.00266875909
  21.9159203  0.0131704602  0.00267314073
  21.9299126  0.0132297715  0.00267753005
  21.9439125  0.0132886842  0.00268192659
  21.9579201  0.0133476956  0.00268632965
  21.9719372  0.0134068383  0.00269074016
  21.9859638  0.0134661393  0.00269515836
  22.  0.0135255391  0.00269958377
